Parameter,S1,S1_conf,ST,ST_conf
A.0_ID flood wave shape,-0.0011099601226736589,0.0036011209988497397,0.002824356376207069,0.0005235975551832135
A.1_Bmax,0.0016626557992526977,0.0028053142399522522,0.0019515963061592654,0.0012920202908532148
A.1_Brate,-7.313955608675681e-05,0.0002290197677377631,4.0020916549276606e-05,5.367487159186975e-05
A.1_pfail,0.5393886248215594,0.08731844810494618,0.5623618102519989,0.05874958265742582
A.2_Bmax,0.00029108702119716055,0.0005458888558906475,0.0001285294734356615,0.00016418295969420138
A.2_Brate,6.81242581760557e-05,0.0001350114002851934,1.0569485531040267e-05,1.5130792596544607e-05
A.2_pfail,0.009305605872703479,0.014474750461018732,0.01637433729083906,0.0035964903218094744
A.3_Bmax,-0.0005478591511742459,0.0006013267962512421,0.00039730944782891776,0.0005112402752838481
A.3_Brate,5.115024260688366e-05,0.00015783069181339693,9.600403348577406e-06,1.3779450336681997e-05
A.3_pfail,0.14531568611957377,0.04956069507105981,0.1748212107140764,0.025119104441720906
A.4_Bmax,-8.516920579246061e-05,0.0001596804237616,3.3651717825273063e-06,3.531665033320736e-06
A.4_Brate,8.308520926898717e-05,9.561571650961538e-05,1.2961107492343582e-06,1.4474311271608709e-06
A.4_pfail,-0.0020199838139573997,0.0030148818224729696,0.0011159430523714176,0.0003304318371369891
A.5_Bmax,0.0,0.0,0.0,0.0
A.5_Brate,0.0,0.0,0.0,0.0
A.5_pfail,0.015502559082739512,0.01223670923639981,0.020871010729344733,0.004841560581670843
discount rate 0,0.0030403481515275527,0.012281728460188419,0.02270174292638498,0.002817848583711737
discount rate 1,0.000316217228434844,0.006777841676999216,0.009680707873938689,0.002000399131415191
discount rate 2,0.0043964044997526356,0.005734124663804709,0.004811254368191689,0.0010172842706216707
